对两段数据采用五次拟合
p1 =

   1.0e+02 *

  1 至 4 列

  -7.990867642426816   5.971928252693086  -1.060265726099315   0.102083238968809

  5 至 6 列

  -0.003637386453599   0.000024184456616


val1 =

     8.112647054395284e-05



p2 =

   1.0e+05 *

  1 至 4 列

   0.007994714617843  -0.091940724563929   0.422208758333050  -0.967598402398776

  5 至 6 列

   1.106430728853096  -0.504897309130628


val2 =

     8.013838195612905e-05