六次拟合
p =

  1 至 4 列

   0.002396583071159  -0.045169447134520   0.259343667669763  -0.287191167671020

  5 至 7 列

  -0.949901781277620  -0.094085519017568   7.247157138979486

方差
val =

   0.002762597475199
