p =

   1.0e+03 *

  1 至 4 列

   0.000000000001199  -0.000000000253915   0.000000068352558   0.000008695845311

  5 至 6 列

   0.004914484564031   1.538161388006517


val =

   2.949661419764501