p =

   1.0e+09 *

  1 至 4 列

   0.194758031860119  -1.044362791087357   2.330815003725921  -2.771251149132548

  5 至 7 列

   1.851323491949149  -0.658879442256091   0.097597436692721
(最高次——最低次)